0 0
0.0234888443329 0.0972022334718
0.0495624970751 0.193743233222
0.0788310014371 0.289364123473
0.112133006633 0.383656097945
0.150651738704 0.475939938782
0.196094834633 0.56501813495
0.25094031518 0.648636154919
0.318576807589 0.722292823962
0.402290692238 0.776991868899
0.5 0.798273108916
0.597709307762 0.776991868899
0.681423192411 0.722292823962
0.74905968482 0.648636154919
0.803905165367 0.56501813495
0.849348261296 0.475939938782
0.887866993367 0.383656097945
0.921168998563 0.289364123473
0.950437502925 0.193743233222
0.976511155667 0.0972022334718
1.0 8.04911692853e-16